-4 -4 0.103159 
-4 -3.8 -0.0341652 
-4 -3.6 -0.139956 
-4 -3.4 -0.209996 
-4 -3.2 -0.241492 
-4 -3 -0.23319 
-4 -2.8 -0.18542 
-4 -2.6 -0.100086 
-4 -2.4 0.0194088 
-4 -2.2 0.168301 
-4 -2 0.340656 
-4 -1.8 0.5296 
-4 -1.6 0.727603 
-4 -1.4 0.92677 
-4 -1.2 1.11916 
-4 -1 1.2971 
-4 -0.8 1.45351 
-4 -0.6 1.58214 
-4 -0.4 1.67786 
-4 -0.2 1.73687 
-4 1.27676e-15 1.7568 
-4 0.2 1.73687 
-4 0.4 1.67786 
-4 0.6 1.58214 
-4 0.8 1.45351 
-4 1 1.2971 
-4 1.2 1.11916 
-4 1.4 0.92677 
-4 1.6 0.727603 
-4 1.8 0.5296 
-4 2 0.340656 
-4 2.2 0.168301 
-4 2.4 0.0194088 
-4 2.6 -0.100086 
-4 2.8 -0.18542 
-4 3 -0.23319 
-4 3.2 -0.241492 
-4 3.4 -0.209996 
-4 3.6 -0.139956 
-4 3.8 -0.0341652 
-3.8 -4 -0.0417857 
-3.8 -3.8 -0.17911 
-3.8 -3.6 -0.284901 
-3.8 -3.4 -0.35494 
-3.8 -3.2 -0.386437 
-3.8 -3 -0.378135 
-3.8 -2.8 -0.330364 
-3.8 -2.6 -0.245031 
-3.8 -2.4 -0.125536 
-3.8 -2.2 0.0233568 
-3.8 -2 0.195711 
-3.8 -1.8 0.384656 
-3.8 -1.6 0.582658 
-3.8 -1.4 0.781825 
-3.8 -1.2 0.974216 
-3.8 -1 1.15216 
-3.8 -0.8 1.30856 
-3.8 -0.6 1.43719 
-3.8 -0.4 1.53292 
-3.8 -0.2 1.59192 
-3.8 1.27676e-15 1.61186 
-3.8 0.2 1.59192 
-3.8 0.4 1.53292 
-3.8 0.6 1.43719 
-3.8 0.8 1.30856 
-3.8 1 1.15216 
-3.8 1.2 0.974216 
-3.8 1.4 0.781825 
-3.8 1.6 0.582658 
-3.8 1.8 0.384656 
-3.8 2 0.195711 
-3.8 2.2 0.0233568 
-3.8 2.4 -0.125536 
-3.8 2.6 -0.245031 
-3.8 2.8 -0.330364 
-3.8 3 -0.378135 
-3.8 3.2 -0.386437 
-3.8 3.4 -0.35494 
-3.8 3.6 -0.284901 
-3.8 3.8 -0.17911 
-3.6 -4 -0.211123 
-3.6 -3.8 -0.348447 
-3.6 -3.6 -0.454238 
-3.6 -3.4 -0.524278 
-3.6 -3.2 -0.555774 
-3.6 -3 -0.547472 
-3.6 -2.8 -0.499702 
-3.6 -2.6 -0.414368 
-3.6 -2.4 -0.294873 
-3.6 -2.2 -0.145981 
-3.6 -2 0.0263736 
-3.6 -1.8 0.215318 
-3.6 -1.6 0.413321 
-3.6 -1.4 0.612488 
-3.6 -1.2 0.804878 
-3.6 -1 0.982823 
-3.6 -0.8 1.13923 
-3.6 -0.6 1.26786 
-3.6 -0.4 1.36358 
-3.6 -0.2 1.42259 
-3.6 1.27676e-15 1.44252 
-3.6 0.2 1.42259 
-3.6 0.4 1.36358 
-3.6 0.6 1.26786 
-3.6 0.8 1.13923 
-3.6 1 0.982823 
-3.6 1.2 0.804878 
-3.6 1.4 0.612488 
-3.6 1.6 0.413321 
-3.6 1.8 0.215318 
-3.6 2 0.0263736 
-3.6 2.2 -0.145981 
-3.6 2.4 -0.294873 
-3.6 2.6 -0.414368 
-3.6 2.8 -0.499702 
-3.6 3 -0.547472 
-3.6 3.2 -0.555774 
-3.6 3.4 -0.524278 
-3.6 3.6 -0.454238 
-3.6 3.8 -0.348447 
-3.4 -4 -0.398103 
-3.4 -3.8 -0.535427 
-3.4 -3.6 -0.641217 
-3.4 -3.4 -0.711257 
-3.4 -3.2 -0.742754 
-3.4 -3 -0.734451 
-3.4 -2.8 -0.686681 
-3.4 -2.6 -0.601348 
-3.4 -2.4 -0.481853 
-3.4 -2.2 -0.33296 
-3.4 -2 -0.160606 
-3.4 -1.8 0.028339 
-3.4 -1.6 0.226342 
-3.4 -1.4 0.425508 
-3.4 -1.2 0.617899 
-3.4 -1 0.795843 
-3.4 -0.8 0.952248 
-3.4 -0.6 1.08088 
-3.4 -0.4 1.1766 
-3.4 -0.2 1.23561 
-3.4 1.27676e-15 1.25554 
-3.4 0.2 1.23561 
-3.4 0.4 1.1766 
-3.4 0.6 1.08088 
-3.4 0.8 0.952248 
-3.4 1 0.795843 
-3.4 1.2 0.617899 
-3.4 1.4 0.425508 
-3.4 1.6 0.226342 
-3.4 1.8 0.028339 
-3.4 2 -0.160606 
-3.4 2.2 -0.33296 
-3.4 2.4 -0.481853 
-3.4 2.6 -0.601348 
-3.4 2.8 -0.686681 
-3.4 3 -0.734451 
-3.4 3.2 -0.742754 
-3.4 3.4 -0.711257 
-3.4 3.6 -0.641217 
-3.4 3.8 -0.535427 
-3.2 -4 -0.595269 
-3.2 -3.8 -0.732594 
-3.2 -3.6 -0.838384 
-3.2 -3.4 -0.908424 
-3.2 -3.2 -0.939921 
-3.2 -3 -0.931618 
-3.2 -2.8 -0.883848 
-3.2 -2.6 -0.798515 
-3.2 -2.4 -0.67902 
-3.2 -2.2 -0.530127 
-3.2 -2 -0.357773 
-3.2 -1.8 -0.168828 
-3.2 -1.6 0.0291746 
-3.2 -1.4 0.228341 
-3.2 -1.2 0.420732 
-3.2 -1 0.598676 
-3.2 -0.8 0.755081 
-3.2 -0.6 0.88371 
-3.2 -0.4 0.979435 
-3.2 -0.2 1.03844 
-3.2 1.27676e-15 1.05837 
-3.2 0.2 1.03844 
-3.2 0.4 0.979435 
-3.2 0.6 0.88371 
-3.2 0.8 0.755081 
-3.2 1 0.598676 
-3.2 1.2 0.420732 
-3.2 1.4 0.228341 
-3.2 1.6 0.0291746 
-3.2 1.8 -0.168828 
-3.2 2 -0.357773 
-3.2 2.2 -0.530127 
-3.2 2.4 -0.67902 
-3.2 2.6 -0.798515 
-3.2 2.8 -0.883848 
-3.2 3 -0.931618 
-3.2 3.2 -0.939921 
-3.2 3.4 -0.908424 
-3.2 3.6 -0.838384 
-3.2 3.8 -0.732594 
-3 -4 -0.794764 
-3 -3.8 -0.932088 
-3 -3.6 -1.03788 
-3 -3.4 -1.10792 
-3 -3.2 -1.13941 
-3 -3 -1.13111 
-3 -2.8 -1.08334 
-3 -2.6 -0.998009 
-3 -2.4 -0.878514 
-3 -2.2 -0.729621 
-3 -2 -0.557267 
-3 -1.8 -0.368322 
-3 -1.6 -0.17032 
-3 -1.4 0.0288471 
-3 -1.2 0.221238 
-3 -1 0.399182 
-3 -0.8 0.555587 
-3 -0.6 0.684216 
-3 -0.4 0.779941 
-3 -0.2 0.838947 
-3 1.27676e-15 0.85888 
-3 0.2 0.838947 
-3 0.4 0.779941 
-3 0.6 0.684216 
-3 0.8 0.555587 
-3 1 0.399182 
-3 1.2 0.221238 
-3 1.4 0.0288471 
-3 1.6 -0.17032 
-3 1.8 -0.368322 
-3 2 -0.557267 
-3 2.2 -0.729621 
-3 2.4 -0.878514 
-3 2.6 -0.998009 
-3 2.8 -1.08334 
-3 3 -1.13111 
-3 3.2 -1.13941 
-3 3.4 -1.10792 
-3 3.6 -1.03788 
-3 3.8 -0.932088 
-2.8 -4 -0.988632 
-2.8 -3.8 -1.12596 
-2.8 -3.6 -1.23175 
-2.8 -3.4 -1.30179 
-2.8 -3.2 -1.33328 
-2.8 -3 -1.32498 
-2.8 -2.8 -1.27721 
-2.8 -2.6 -1.19188 
-2.8 -2.4 -1.07238 
-2.8 -2.2 -0.923489 
-2.8 -2 -0.751135 
-2.8 -1.8 -0.56219 
-2.8 -1.6 -0.364188 
-2.8 -1.4 -0.165021 
-2.8 -1.2 0.0273696 
-2.8 -1 0.205314 
-2.8 -0.8 0.361719 
-2.8 -0.6 0.490347 
-2.8 -0.4 0.586073 
-2.8 -0.2 0.645078 
-2.8 1.27676e-15 0.665012 
-2.8 0.2 0.645078 
-2.8 0.4 0.586073 
-2.8 0.6 0.490347 
-2.8 0.8 0.361719 
-2.8 1 0.205314 
-2.8 1.2 0.0273696 
-2.8 1.4 -0.165021 
-2.8 1.6 -0.364188 
-2.8 1.8 -0.56219 
-2.8 2 -0.751135 
-2.8 2.2 -0.923489 
-2.8 2.4 -1.07238 
-2.8 2.6 -1.19188 
-2.8 2.8 -1.27721 
-2.8 3 -1.32498 
-2.8 3.2 -1.33328 
-2.8 3.4 -1.30179 
-2.8 3.6 -1.23175 
-2.8 3.8 -1.12596 
-2.6 -4 -1.16914 
-2.6 -3.8 -1.30647 
-2.6 -3.6 -1.41226 
-2.6 -3.4 -1.4823 
-2.6 -3.2 -1.5138 
-2.6 -3 -1.50549 
-2.6 -2.8 -1.45772 
-2.6 -2.6 -1.37239 
-2.6 -2.4 -1.2529 
-2.6 -2.2 -1.104 
-2.6 -2 -0.931648 
-2.6 -1.8 -0.742703 
-2.6 -1.6 -0.544701 
-2.6 -1.4 -0.345534 
-2.6 -1.2 -0.153144 
-2.6 -1 0.0248009 
-2.6 -0.8 0.181205 
-2.6 -0.6 0.309834 
-2.6 -0.4 0.40556 
-2.6 -0.2 0.464565 
-2.6 1.27676e-15 0.484499 
-2.6 0.2 0.464565 
-2.6 0.4 0.40556 
-2.6 0.6 0.309834 
-2.6 0.8 0.181205 
-2.6 1 0.0248009 
-2.6 1.2 -0.153144 
-2.6 1.4 -0.345534 
-2.6 1.6 -0.544701 
-2.6 1.8 -0.742703 
-2.6 2 -0.931648 
-2.6 2.2 -1.104 
-2.6 2.4 -1.2529 
-2.6 2.6 -1.37239 
-2.6 2.8 -1.45772 
-2.6 3 -1.50549 
-2.6 3.2 -1.5138 
-2.6 3.4 -1.4823 
-2.6 3.6 -1.41226 
-2.6 3.8 -1.30647 
-2.4 -4 -1.32911 
-2.4 -3.8 -1.46643 
-2.4 -3.6 -1.57222 
-2.4 -3.4 -1.64226 
-2.4 -3.2 -1.67376 
-2.4 -3 -1.66546 
-2.4 -2.8 -1.61769 
-2.4 -2.6 -1.53235 
-2.4 -2.4 -1.41286 
-2.4 -2.2 -1.26396 
-2.4 -2 -1.09161 
-2.4 -1.8 -0.902665 
-2.4 -1.6 -0.704663 
-2.4 -1.4 -0.505496 
-2.4 -1.2 -0.313105 
-2.4 -1 -0.135161 
-2.4 -0.8 0.0212435 
-2.4 -0.6 0.149872 
-2.4 -0.4 0.245598 
-2.4 -0.2 0.304603 
-2.4 1.27676e-15 0.324537 
-2.4 0.2 0.304603 
-2.4 0.4 0.245598 
-2.4 0.6 0.149872 
-2.4 0.8 0.0212435 
-2.4 1 -0.135161 
-2.4 1.2 -0.313105 
-2.4 1.4 -0.505496 
-2.4 1.6 -0.704663 
-2.4 1.8 -0.902665 
-2.4 2 -1.09161 
-2.4 2.2 -1.26396 
-2.4 2.4 -1.41286 
-2.4 2.6 -1.53235 
-2.4 2.8 -1.61769 
-2.4 3 -1.66546 
-2.4 3.2 -1.67376 
-2.4 3.4 -1.64226 
-2.4 3.6 -1.57222 
-2.4 3.8 -1.46643 
-2.2 -4 -1.46214 
-2.2 -3.8 -1.59946 
-2.2 -3.6 -1.70525 
-2.2 -3.4 -1.77529 
-2.2 -3.2 -1.80679 
-2.2 -3 -1.79849 
-2.2 -2.8 -1.75072 
-2.2 -2.6 -1.66539 
-2.2 -2.4 -1.54589 
-2.2 -2.2 -1.397 
-2.2 -2 -1.22464 
-2.2 -1.8 -1.0357 
-2.2 -1.6 -0.837696 
-2.2 -1.4 -0.638529 
-2.2 -1.2 -0.446139 
-2.2 -1 -0.268194 
-2.2 -0.8 -0.11179 
-2.2 -0.6 0.0168392 
-2.2 -0.4 0.112565 
-2.2 -0.2 0.17157 
-2.2 1.27676e-15 0.191504 
-2.2 0.2 0.17157 
-2.2 0.4 0.112565 
-2.2 0.6 0.0168392 
-2.2 0.8 -0.11179 
-2.2 1 -0.268194 
-2.2 1.2 -0.446139 
-2.2 1.4 -0.638529 
-2.2 1.6 -0.837696 
-2.2 1.8 -1.0357 
-2.2 2 -1.22464 
-2.2 2.2 -1.397 
-2.2 2.4 -1.54589 
-2.2 2.6 -1.66539 
-2.2 2.8 -1.75072 
-2.2 3 -1.79849 
-2.2 3.2 -1.80679 
-2.2 3.4 -1.77529 
-2.2 3.6 -1.70525 
-2.2 3.8 -1.59946 
-2 -4 -1.56294 
-2 -3.8 -1.70027 
-2 -3.6 -1.80606 
-2 -3.4 -1.8761 
-2 -3.2 -1.90759 
-2 -3 -1.89929 
-2 -2.8 -1.85152 
-2 -2.6 -1.76619 
-2 -2.4 -1.64669 
-2 -2.2 -1.4978 
-2 -2 -1.32544 
-2 -1.8 -1.1365 
-2 -1.6 -0.938497 
-2 -1.4 -0.73933 
-2 -1.2 -0.54694 
-2 -1 -0.368995 
-2 -0.8 -0.212591 
-2 -0.6 -0.0839618 
-2 -0.4 0.0117636 
-2 -0.2 0.0707692 
-2 1.27676e-15 0.0907026 
-2 0.2 0.0707692 
-2 0.4 0.0117636 
-2 0.6 -0.0839618 
-2 0.8 -0.212591 
-2 1 -0.368995 
-2 1.2 -0.54694 
-2 1.4 -0.73933 
-2 1.6 -0.938497 
-2 1.8 -1.1365 
-2 2 -1.32544 
-2 2.2 -1.4978 
-2 2.4 -1.64669 
-2 2.6 -1.76619 
-2 2.8 -1.85152 
-2 3 -1.89929 
-2 3.2 -1.90759 
-2 3.4 -1.8761 
-2 3.6 -1.80606 
-2 3.8 -1.70027 
-1.8 -4 -1.62749 
-1.8 -3.8 -1.76482 
-1.8 -3.6 -1.87061 
-1.8 -3.4 -1.94065 
-1.8 -3.2 -1.97214 
-1.8 -3 -1.96384 
-1.8 -2.8 -1.91607 
-1.8 -2.6 -1.83074 
-1.8 -2.4 -1.71124 
-1.8 -2.2 -1.56235 
-1.8 -2 -1.38999 
-1.8 -1.8 -1.20105 
-1.8 -1.6 -1.00305 
-1.8 -1.4 -0.80388 
-1.8 -1.2 -0.61149 
-1.8 -1 -0.433545 
-1.8 -0.8 -0.277141 
-1.8 -0.6 -0.148512 
-1.8 -0.4 -0.0527866 
-1.8 -0.2 0.00621895 
-1.8 1.27676e-15 0.0261524 
-1.8 0.2 0.00621895 
-1.8 0.4 -0.0527866 
-1.8 0.6 -0.148512 
-1.8 0.8 -0.277141 
-1.8 1 -0.433545 
-1.8 1.2 -0.61149 
-1.8 1.4 -0.80388 
-1.8 1.6 -1.00305 
-1.8 1.8 -1.20105 
-1.8 2 -1.38999 
-1.8 2.2 -1.56235 
-1.8 2.4 -1.71124 
-1.8 2.6 -1.83074 
-1.8 2.8 -1.91607 
-1.8 3 -1.96384 
-1.8 3.2 -1.97214 
-1.8 3.4 -1.94065 
-1.8 3.6 -1.87061 
-1.8 3.8 -1.76482 
-1.6 -4 -1.65322 
-1.6 -3.8 -1.79054 
-1.6 -3.6 -1.89633 
-1.6 -3.4 -1.96637 
-1.6 -3.2 -1.99787 
-1.6 -3 -1.98957 
-1.6 -2.8 -1.9418 
-1.6 -2.6 -1.85646 
-1.6 -2.4 -1.73697 
-1.6 -2.2 -1.58807 
-1.6 -2 -1.41572 
-1.6 -1.8 -1.22678 
-1.6 -1.6 -1.02877 
-1.6 -1.4 -0.829606 
-1.6 -1.2 -0.637216 
-1.6 -1 -0.459271 
-1.6 -0.8 -0.302867 
-1.6 -0.6 -0.174238 
-1.6 -0.4 -0.0785126 
-1.6 -0.2 -0.019507 
-1.6 1.27676e-15 0.000426397 
-1.6 0.2 -0.019507 
-1.6 0.4 -0.0785126 
-1.6 0.6 -0.174238 
-1.6 0.8 -0.302867 
-1.6 1 -0.459271 
-1.6 1.2 -0.637216 
-1.6 1.4 -0.829606 
-1.6 1.6 -1.02877 
-1.6 1.8 -1.22678 
-1.6 2 -1.41572 
-1.6 2.2 -1.58807 
-1.6 2.4 -1.73697 
-1.6 2.6 -1.85646 
-1.6 2.8 -1.9418 
-1.6 3 -1.98957 
-1.6 3.2 -1.99787 
-1.6 3.4 -1.96637 
-1.6 3.6 -1.89633 
-1.6 3.8 -1.79054 
-1.4 -4 -1.63909 
-1.4 -3.8 -1.77642 
-1.4 -3.6 -1.88221 
-1.4 -3.4 -1.95225 
-1.4 -3.2 -1.98374 
-1.4 -3 -1.97544 
-1.4 -2.8 -1.92767 
-1.4 -2.6 -1.84234 
-1.4 -2.4 -1.72284 
-1.4 -2.2 -1.57395 
-1.4 -2 -1.4016 
-1.4 -1.8 -1.21265 
-1.4 -1.6 -1.01465 
-1.4 -1.4 -0.815483 
-1.4 -1.2 -0.623092 
-1.4 -1 -0.445147 
-1.4 -0.8 -0.288743 
-1.4 -0.6 -0.160114 
-1.4 -0.4 -0.0643887 
-1.4 -0.2 -0.00538315 
-1.4 1.27676e-15 0.0145503 
-1.4 0.2 -0.00538315 
-1.4 0.4 -0.0643887 
-1.4 0.6 -0.160114 
-1.4 0.8 -0.288743 
-1.4 1 -0.445147 
-1.4 1.2 -0.623092 
-1.4 1.4 -0.815483 
-1.4 1.6 -1.01465 
-1.4 1.8 -1.21265 
-1.4 2 -1.4016 
-1.4 2.2 -1.57395 
-1.4 2.4 -1.72284 
-1.4 2.6 -1.84234 
-1.4 2.8 -1.92767 
-1.4 3 -1.97544 
-1.4 3.2 -1.98374 
-1.4 3.4 -1.95225 
-1.4 3.6 -1.88221 
-1.4 3.8 -1.77642 
-1.2 -4 -1.58568 
-1.2 -3.8 -1.72301 
-1.2 -3.6 -1.8288 
-1.2 -3.4 -1.89884 
-1.2 -3.2 -1.93033 
-1.2 -3 -1.92203 
-1.2 -2.8 -1.87426 
-1.2 -2.6 -1.78893 
-1.2 -2.4 -1.66943 
-1.2 -2.2 -1.52054 
-1.2 -2 -1.34819 
-1.2 -1.8 -1.15924 
-1.2 -1.6 -0.961239 
-1.2 -1.4 -0.762072 
-1.2 -1.2 -0.569681 
-1.2 -1 -0.391737 
-1.2 -0.8 -0.235332 
-1.2 -0.6 -0.106703 
-1.2 -0.4 -0.0109781 
-1.2 -0.2 0.0480275 
-1.2 1.27676e-15 0.0679609 
-1.2 0.2 0.0480275 
-1.2 0.4 -0.0109781 
-1.2 0.6 -0.106703 
-1.2 0.8 -0.235332 
-1.2 1 -0.391737 
-1.2 1.2 -0.569681 
-1.2 1.4 -0.762072 
-1.2 1.6 -0.961239 
-1.2 1.8 -1.15924 
-1.2 2 -1.34819 
-1.2 2.2 -1.52054 
-1.2 2.4 -1.66943 
-1.2 2.6 -1.78893 
-1.2 2.8 -1.87426 
-1.2 3 -1.92203 
-1.2 3.2 -1.93033 
-1.2 3.4 -1.89884 
-1.2 3.6 -1.8288 
-1.2 3.8 -1.72301 
-1 -4 -1.49511 
-1 -3.8 -1.63244 
-1 -3.6 -1.73823 
-1 -3.4 -1.80827 
-1 -3.2 -1.83977 
-1 -3 -1.83146 
-1 -2.8 -1.78369 
-1 -2.6 -1.69836 
-1 -2.4 -1.57886 
-1 -2.2 -1.42997 
-1 -2 -1.25762 
-1 -1.8 -1.06867 
-1 -1.6 -0.870671 
-1 -1.4 -0.671504 
-1 -1.2 -0.479113 
-1 -1 -0.301169 
-1 -0.8 -0.144764 
-1 -0.6 -0.0161354 
-1 -0.4 0.07959 
-1 -0.2 0.138596 
-1 1.27676e-15 0.158529 
-1 0.2 0.138596 
-1 0.4 0.07959 
-1 0.6 -0.0161354 
-1 0.8 -0.144764 
-1 1 -0.301169 
-1 1.2 -0.479113 
-1 1.4 -0.671504 
-1 1.6 -0.870671 
-1 1.8 -1.06867 
-1 2 -1.25762 
-1 2.2 -1.42997 
-1 2.4 -1.57886 
-1 2.6 -1.69836 
-1 2.8 -1.78369 
-1 3 -1.83146 
-1 3.2 -1.83977 
-1 3.4 -1.80827 
-1 3.6 -1.73823 
-1 3.8 -1.63244 
-0.8 -4 -1.371 
-0.8 -3.8 -1.50832 
-0.8 -3.6 -1.61411 
-0.8 -3.4 -1.68415 
-0.8 -3.2 -1.71565 
-0.8 -3 -1.70735 
-0.8 -2.8 -1.65958 
-0.8 -2.6 -1.57424 
-0.8 -2.4 -1.45475 
-0.8 -2.2 -1.30586 
-0.8 -2 -1.1335 
-0.8 -1.8 -0.944558 
-0.8 -1.6 -0.746556 
-0.8 -1.4 -0.547389 
-0.8 -1.2 -0.354998 
-0.8 -1 -0.177054 
-0.8 -0.8 -0.0206494 
-0.8 -0.6 0.10798 
-0.8 -0.4 0.203705 
-0.8 -0.2 0.26271 
-0.8 1.27676e-15 0.282644 
-0.8 0.2 0.26271 
-0.8 0.4 0.203705 
-0.8 0.6 0.10798 
-0.8 0.8 -0.0206494 
-0.8 1 -0.177054 
-0.8 1.2 -0.354998 
-0.8 1.4 -0.547389 
-0.8 1.6 -0.746556 
-0.8 1.8 -0.944558 
-0.8 2 -1.1335 
-0.8 2.2 -1.30586 
-0.8 2.4 -1.45475 
-0.8 2.6 -1.57424 
-0.8 2.8 -1.65958 
-0.8 3 -1.70735 
-0.8 3.2 -1.71565 
-0.8 3.4 -1.68415 
-0.8 3.6 -1.61411 
-0.8 3.8 -1.50832 
-0.6 -4 -1.21829 
-0.6 -3.8 -1.35561 
-0.6 -3.6 -1.4614 
-0.6 -3.4 -1.53144 
-0.6 -3.2 -1.56294 
-0.6 -3 -1.55463 
-0.6 -2.8 -1.50686 
-0.6 -2.6 -1.42153 
-0.6 -2.4 -1.30204 
-0.6 -2.2 -1.15314 
-0.6 -2 -0.980789 
-0.6 -1.8 -0.791845 
-0.6 -1.6 -0.593842 
-0.6 -1.4 -0.394675 
-0.6 -1.2 -0.202285 
-0.6 -1 -0.0243402 
-0.6 -0.8 0.132064 
-0.6 -0.6 0.260693 
-0.6 -0.4 0.356419 
-0.6 -0.2 0.415424 
-0.6 1.27676e-15 0.435358 
-0.6 0.2 0.415424 
-0.6 0.4 0.356419 
-0.6 0.6 0.260693 
-0.6 0.8 0.132064 
-0.6 1 -0.0243402 
-0.6 1.2 -0.202285 
-0.6 1.4 -0.394675 
-0.6 1.6 -0.593842 
-0.6 1.8 -0.791845 
-0.6 2 -0.980789 
-0.6 2.2 -1.15314 
-0.6 2.4 -1.30204 
-0.6 2.6 -1.42153 
-0.6 2.8 -1.50686 
-0.6 3 -1.55463 
-0.6 3.2 -1.56294 
-0.6 3.4 -1.53144 
-0.6 3.6 -1.4614 
-0.6 3.8 -1.35561 
-0.4 -4 -1.04306 
-0.4 -3.8 -1.18039 
-0.4 -3.6 -1.28618 
-0.4 -3.4 -1.35622 
-0.4 -3.2 -1.38771 
-0.4 -3 -1.37941 
-0.4 -2.8 -1.33164 
-0.4 -2.6 -1.24631 
-0.4 -2.4 -1.12681 
-0.4 -2.2 -0.977919 
-0.4 -2 -0.805565 
-0.4 -1.8 -0.61662 
-0.4 -1.6 -0.418618 
-0.4 -1.4 -0.219451 
-0.4 -1.2 -0.0270606 
-0.4 -1 0.150884 
-0.4 -0.8 0.307288 
-0.4 -0.6 0.435917 
-0.4 -0.4 0.531643 
-0.4 -0.2 0.590648 
-0.4 1.27676e-15 0.610582 
-0.4 0.2 0.590648 
-0.4 0.4 0.531643 
-0.4 0.6 0.435917 
-0.4 0.8 0.307288 
-0.4 1 0.150884 
-0.4 1.2 -0.0270606 
-0.4 1.4 -0.219451 
-0.4 1.6 -0.418618 
-0.4 1.8 -0.61662 
-0.4 2 -0.805565 
-0.4 2.2 -0.977919 
-0.4 2.4 -1.12681 
-0.4 2.6 -1.24631 
-0.4 2.8 -1.33164 
-0.4 3 -1.37941 
-0.4 3.2 -1.38771 
-0.4 3.4 -1.35622 
-0.4 3.6 -1.28618 
-0.4 3.8 -1.18039 
-0.2 -4 -0.852313 
-0.2 -3.8 -0.989637 
-0.2 -3.6 -1.09543 
-0.2 -3.4 -1.16547 
-0.2 -3.2 -1.19696 
-0.2 -3 -1.18866 
-0.2 -2.8 -1.14089 
-0.2 -2.6 -1.05556 
-0.2 -2.4 -0.936063 
-0.2 -2.2 -0.78717 
-0.2 -2 -0.614816 
-0.2 -1.8 -0.425871 
-0.2 -1.6 -0.227869 
-0.2 -1.4 -0.0287022 
-0.2 -1.2 0.163688 
-0.2 -1 0.341633 
-0.2 -0.8 0.498037 
-0.2 -0.6 0.626666 
-0.2 -0.4 0.722392 
-0.2 -0.2 0.781397 
-0.2 1.27676e-15 0.801331 
-0.2 0.2 0.781397 
-0.2 0.4 0.722392 
-0.2 0.6 0.626666 
-0.2 0.8 0.498037 
-0.2 1 0.341633 
-0.2 1.2 0.163688 
-0.2 1.4 -0.0287022 
-0.2 1.6 -0.227869 
-0.2 1.8 -0.425871 
-0.2 2 -0.614816 
-0.2 2.2 -0.78717 
-0.2 2.4 -0.936063 
-0.2 2.6 -1.05556 
-0.2 2.8 -1.14089 
-0.2 3 -1.18866 
-0.2 3.2 -1.19696 
-0.2 3.4 -1.16547 
-0.2 3.6 -1.09543 
-0.2 3.8 -0.989637 
1.27676e-15 -4 -0.653644 
1.27676e-15 -3.8 -0.790968 
1.27676e-15 -3.6 -0.896758 
1.27676e-15 -3.4 -0.966798 
1.27676e-15 -3.2 -0.998295 
1.27676e-15 -3 -0.989992 
1.27676e-15 -2.8 -0.942222 
1.27676e-15 -2.6 -0.856889 
1.27676e-15 -2.4 -0.737394 
1.27676e-15 -2.2 -0.588501 
1.27676e-15 -2 -0.416147 
1.27676e-15 -1.8 -0.227202 
1.27676e-15 -1.6 -0.0291995 
1.27676e-15 -1.4 0.169967 
1.27676e-15 -1.2 0.362358 
1.27676e-15 -1 0.540302 
1.27676e-15 -0.8 0.696707 
1.27676e-15 -0.6 0.825336 
1.27676e-15 -0.4 0.921061 
1.27676e-15 -0.2 0.980067 
1.27676e-15 1.27676e-15 1 
1.27676e-15 0.2 0.980067 
1.27676e-15 0.4 0.921061 
1.27676e-15 0.6 0.825336 
1.27676e-15 0.8 0.696707 
1.27676e-15 1 0.540302 
1.27676e-15 1.2 0.362358 
1.27676e-15 1.4 0.169967 
1.27676e-15 1.6 -0.0291995 
1.27676e-15 1.8 -0.227202 
1.27676e-15 2 -0.416147 
1.27676e-15 2.2 -0.588501 
1.27676e-15 2.4 -0.737394 
1.27676e-15 2.6 -0.856889 
1.27676e-15 2.8 -0.942222 
1.27676e-15 3 -0.989992 
1.27676e-15 3.2 -0.998295 
1.27676e-15 3.4 -0.966798 
1.27676e-15 3.6 -0.896758 
1.27676e-15 3.8 -0.790968 
0.2 -4 -0.454974 
0.2 -3.8 -0.592298 
0.2 -3.6 -0.698089 
0.2 -3.4 -0.768129 
0.2 -3.2 -0.799625 
0.2 -3 -0.791323 
0.2 -2.8 -0.743553 
0.2 -2.6 -0.658219 
0.2 -2.4 -0.538724 
0.2 -2.2 -0.389832 
0.2 -2 -0.217478 
0.2 -1.8 -0.0285328 
0.2 -1.6 0.16947 
0.2 -1.4 0.368636 
0.2 -1.2 0.561027 
0.2 -1 0.738972 
0.2 -0.8 0.895376 
0.2 -0.6 1.024 
0.2 -0.4 1.11973 
0.2 -0.2 1.17874 
0.2 1.27676e-15 1.19867 
0.2 0.2 1.17874 
0.2 0.4 1.11973 
0.2 0.6 1.024 
0.2 0.8 0.895376 
0.2 1 0.738972 
0.2 1.2 0.561027 
0.2 1.4 0.368636 
0.2 1.6 0.16947 
0.2 1.8 -0.0285328 
0.2 2 -0.217478 
0.2 2.2 -0.389832 
0.2 2.4 -0.538724 
0.2 2.6 -0.658219 
0.2 2.8 -0.743553 
0.2 3 -0.791323 
0.2 3.2 -0.799625 
0.2 3.4 -0.768129 
0.2 3.6 -0.698089 
0.2 3.8 -0.592298 
0.4 -4 -0.264225 
0.4 -3.8 -0.401549 
0.4 -3.6 -0.50734 
0.4 -3.4 -0.57738 
0.4 -3.2 -0.608876 
0.4 -3 -0.600574 
0.4 -2.8 -0.552804 
0.4 -2.6 -0.46747 
0.4 -2.4 -0.347975 
0.4 -2.2 -0.199083 
0.4 -2 -0.0267285 
0.4 -1.8 0.162216 
0.4 -1.6 0.360219 
0.4 -1.4 0.559385 
0.4 -1.2 0.751776 
0.4 -1 0.929721 
0.4 -0.8 1.08613 
0.4 -0.6 1.21475 
0.4 -0.4 1.31048 
0.4 -0.2 1.36948 
0.4 1.27676e-15 1.38942 
0.4 0.2 1.36948 
0.4 0.4 1.31048 
0.4 0.6 1.21475 
0.4 0.8 1.08613 
0.4 1 0.929721 
0.4 1.2 0.751776 
0.4 1.4 0.559385 
0.4 1.6 0.360219 
0.4 1.8 0.162216 
0.4 2 -0.0267285 
0.4 2.2 -0.199083 
0.4 2.4 -0.347975 
0.4 2.6 -0.46747 
0.4 2.8 -0.552804 
0.4 3 -0.600574 
0.4 3.2 -0.608876 
0.4 3.4 -0.57738 
0.4 3.6 -0.50734 
0.4 3.8 -0.401549 
0.6 -4 -0.0890011 
0.6 -3.8 -0.226325 
0.6 -3.6 -0.332116 
0.6 -3.4 -0.402156 
0.6 -3.2 -0.433652 
0.6 -3 -0.42535 
0.6 -2.8 -0.37758 
0.6 -2.6 -0.292246 
0.6 -2.4 -0.172751 
0.6 -2.2 -0.0238586 
0.6 -2 0.148496 
0.6 -1.8 0.33744 
0.6 -1.6 0.535443 
0.6 -1.4 0.73461 
0.6 -1.2 0.927 
0.6 -1 1.10494 
0.6 -0.8 1.26135 
0.6 -0.6 1.38998 
0.6 -0.4 1.4857 
0.6 -0.2 1.54471 
0.6 1.27676e-15 1.56464 
0.6 0.2 1.54471 
0.6 0.4 1.4857 
0.6 0.6 1.38998 
0.6 0.8 1.26135 
0.6 1 1.10494 
0.6 1.2 0.927 
0.6 1.4 0.73461 
0.6 1.6 0.535443 
0.6 1.8 0.33744 
0.6 2 0.148496 
0.6 2.2 -0.0238586 
0.6 2.4 -0.172751 
0.6 2.6 -0.292246 
0.6 2.8 -0.37758 
0.6 3 -0.42535 
0.6 3.2 -0.433652 
0.6 3.4 -0.402156 
0.6 3.6 -0.332116 
0.6 3.8 -0.226325 
0.8 -4 0.0637125 
0.8 -3.8 -0.0736116 
0.8 -3.6 -0.179402 
0.8 -3.4 -0.249442 
0.8 -3.2 -0.280939 
0.8 -3 -0.272636 
0.8 -2.8 -0.224866 
0.8 -2.6 -0.139533 
0.8 -2.4 -0.0200376 
0.8 -2.2 0.128855 
0.8 -2 0.301209 
0.8 -1.8 0.490154 
0.8 -1.6 0.688157 
0.8 -1.4 0.887323 
0.8 -1.2 1.07971 
0.8 -1 1.25766 
0.8 -0.8 1.41406 
0.8 -0.6 1.54269 
0.8 -0.4 1.63842 
0.8 -0.2 1.69742 
0.8 1.27676e-15 1.71736 
0.8 0.2 1.69742 
0.8 0.4 1.63842 
0.8 0.6 1.54269 
0.8 0.8 1.41406 
0.8 1 1.25766 
0.8 1.2 1.07971 
0.8 1.4 0.887323 
0.8 1.6 0.688157 
0.8 1.8 0.490154 
0.8 2 0.301209 
0.8 2.2 0.128855 
0.8 2.4 -0.0200376 
0.8 2.6 -0.139533 
0.8 2.8 -0.224866 
0.8 3 -0.272636 
0.8 3.2 -0.280939 
0.8 3.4 -0.249442 
0.8 3.6 -0.179402 
0.8 3.8 -0.0736116 
1 -4 0.187827 
1 -3.8 0.0505033 
1 -3.6 -0.0552874 
1 -3.4 -0.125327 
1 -3.2 -0.156824 
1 -3 -0.148522 
1 -2.8 -0.100751 
1 -2.6 -0.0154178 
1 -2.4 0.104077 
1 -2.2 0.25297 
1 -2 0.425324 
1 -1.8 0.614269 
1 -1.6 0.812271 
1 -1.4 1.01144 
1 -1.2 1.20383 
1 -1 1.38177 
1 -0.8 1.53818 
1 -0.6 1.66681 
1 -0.4 1.76253 
1 -0.2 1.82154 
1 1.27676e-15 1.84147 
1 0.2 1.82154 
1 0.4 1.76253 
1 0.6 1.66681 
1 0.8 1.53818 
1 1 1.38177 
1 1.2 1.20383 
1 1.4 1.01144 
1 1.6 0.812271 
1 1.8 0.614269 
1 2 0.425324 
1 2.2 0.25297 
1 2.4 0.104077 
1 2.6 -0.0154178 
1 2.8 -0.100751 
1 3 -0.148522 
1 3.2 -0.156824 
1 3.4 -0.125327 
1 3.6 -0.0552874 
1 3.8 0.0505033 
1.2 -4 0.278395 
1.2 -3.8 0.141071 
1.2 -3.6 0.0352807 
1.2 -3.4 -0.0347591 
1.2 -3.2 -0.0662557 
1.2 -3 -0.0579534 
1.2 -2.8 -0.0101833 
1.2 -2.6 0.0751503 
1.2 -2.4 0.194645 
1.2 -2.2 0.343538 
1.2 -2 0.515892 
1.2 -1.8 0.704837 
1.2 -1.6 0.90284 
1.2 -1.4 1.10201 
1.2 -1.2 1.2944 
1.2 -1 1.47234 
1.2 -0.8 1.62875 
1.2 -0.6 1.75737 
1.2 -0.4 1.8531 
1.2 -0.2 1.91211 
1.2 1.27676e-15 1.93204 
1.2 0.2 1.91211 
1.2 0.4 1.8531 
1.2 0.6 1.75737 
1.2 0.8 1.62875 
1.2 1 1.47234 
1.2 1.2 1.2944 
1.2 1.4 1.10201 
1.2 1.6 0.90284 
1.2 1.8 0.704837 
1.2 2 0.515892 
1.2 2.2 0.343538 
1.2 2.4 0.194645 
1.2 2.6 0.0751503 
1.2 2.8 -0.0101833 
1.2 3 -0.0579534 
1.2 3.2 -0.0662557 
1.2 3.4 -0.0347591 
1.2 3.6 0.0352807 
1.2 3.8 0.141071 
1.4 -4 0.331806 
1.4 -3.8 0.194482 
1.4 -3.6 0.0886913 
1.4 -3.4 0.0186515 
1.4 -3.2 -0.012845 
1.4 -3 -0.00454277 
1.4 -2.8 0.0432274 
1.4 -2.6 0.128561 
1.4 -2.4 0.248056 
1.4 -2.2 0.396949 
1.4 -2 0.569303 
1.4 -1.8 0.758248 
1.4 -1.6 0.95625 
1.4 -1.4 1.15542 
1.4 -1.2 1.34781 
1.4 -1 1.52575 
1.4 -0.8 1.68216 
1.4 -0.6 1.81079 
1.4 -0.4 1.90651 
1.4 -0.2 1.96552 
1.4 1.27676e-15 1.98545 
1.4 0.2 1.96552 
1.4 0.4 1.90651 
1.4 0.6 1.81079 
1.4 0.8 1.68216 
1.4 1 1.52575 
1.4 1.2 1.34781 
1.4 1.4 1.15542 
1.4 1.6 0.95625 
1.4 1.8 0.758248 
1.4 2 0.569303 
1.4 2.2 0.396949 
1.4 2.4 0.248056 
1.4 2.6 0.128561 
1.4 2.8 0.0432274 
1.4 3 -0.00454277 
1.4 3.2 -0.012845 
1.4 3.4 0.0186515 
1.4 3.6 0.0886913 
1.4 3.8 0.194482 
1.6 -4 0.34593 
1.6 -3.8 0.208606 
1.6 -3.6 0.102815 
1.6 -3.4 0.0327754 
1.6 -3.2 0.00127883 
1.6 -3 0.00958111 
1.6 -2.8 0.0573513 
1.6 -2.6 0.142685 
1.6 -2.4 0.26218 
1.6 -2.2 0.411072 
1.6 -2 0.583427 
1.6 -1.8 0.772372 
1.6 -1.6 0.970374 
1.6 -1.4 1.16954 
1.6 -1.2 1.36193 
1.6 -1 1.53988 
1.6 -0.8 1.69628 
1.6 -0.6 1.82491 
1.6 -0.4 1.92063 
1.6 -0.2 1.97964 
1.6 1.27676e-15 1.99957 
1.6 0.2 1.97964 
1.6 0.4 1.92063 
1.6 0.6 1.82491 
1.6 0.8 1.69628 
1.6 1 1.53988 
1.6 1.2 1.36193 
1.6 1.4 1.16954 
1.6 1.6 0.970374 
1.6 1.8 0.772372 
1.6 2 0.583427 
1.6 2.2 0.411072 
1.6 2.4 0.26218 
1.6 2.6 0.142685 
1.6 2.8 0.0573513 
1.6 3 0.00958111 
1.6 3.2 0.00127883 
1.6 3.4 0.0327754 
1.6 3.6 0.102815 
1.6 3.8 0.208606 
1.8 -4 0.320204 
1.8 -3.8 0.18288 
1.8 -3.6 0.0770892 
1.8 -3.4 0.00704944 
1.8 -3.2 -0.0244471 
1.8 -3 -0.0161449 
1.8 -2.8 0.0316253 
1.8 -2.6 0.116959 
1.8 -2.4 0.236454 
1.8 -2.2 0.385347 
1.8 -2 0.557701 
1.8 -1.8 0.746646 
1.8 -1.6 0.944648 
1.8 -1.4 1.14381 
1.8 -1.2 1.33621 
1.8 -1 1.51415 
1.8 -0.8 1.67055 
1.8 -0.6 1.79918 
1.8 -0.4 1.89491 
1.8 -0.2 1.95391 
1.8 1.27676e-15 1.97385 
1.8 0.2 1.95391 
1.8 0.4 1.89491 
1.8 0.6 1.79918 
1.8 0.8 1.67055 
1.8 1 1.51415 
1.8 1.2 1.33621 
1.8 1.4 1.14381 
1.8 1.6 0.944648 
1.8 1.8 0.746646 
1.8 2 0.557701 
1.8 2.2 0.385347 
1.8 2.4 0.236454 
1.8 2.6 0.116959 
1.8 2.8 0.0316253 
1.8 3 -0.0161449 
1.8 3.2 -0.0244471 
1.8 3.4 0.00704944 
1.8 3.6 0.0770892 
1.8 3.8 0.18288 
2 -4 0.255654 
2 -3.8 0.11833 
2 -3.6 0.012539 
2 -3.4 -0.0575008 
2 -3.2 -0.0889973 
2 -3 -0.0806951 
2 -2.8 -0.0329249 
2 -2.6 0.0524087 
2 -2.4 0.171904 
2 -2.2 0.320796 
2 -2 0.493151 
2 -1.8 0.682095 
2 -1.6 0.880098 
2 -1.4 1.07926 
2 -1.2 1.27166 
2 -1 1.4496 
2 -0.8 1.606 
2 -0.6 1.73463 
2 -0.4 1.83036 
2 -0.2 1.88936 
2 1.27676e-15 1.9093 
2 0.2 1.88936 
2 0.4 1.83036 
2 0.6 1.73463 
2 0.8 1.606 
2 1 1.4496 
2 1.2 1.27166 
2 1.4 1.07926 
2 1.6 0.880098 
2 1.8 0.682095 
2 2 0.493151 
2 2.2 0.320796 
2 2.4 0.171904 
2 2.6 0.0524087 
2 2.8 -0.0329249 
2 3 -0.0806951 
2 3.2 -0.0889973 
2 3.4 -0.0575008 
2 3.6 0.012539 
2 3.8 0.11833 
2.2 -4 0.154853 
2.2 -3.8 0.0175287 
2.2 -3.6 -0.088262 
2.2 -3.4 -0.158302 
2.2 -3.2 -0.189798 
2.2 -3 -0.181496 
2.2 -2.8 -0.133726 
2.2 -2.6 -0.0483923 
2.2 -2.4 0.0711027 
2.2 -2.2 0.219995 
2.2 -2 0.39235 
2.2 -1.8 0.581294 
2.2 -1.6 0.779297 
2.2 -1.4 0.978464 
2.2 -1.2 1.17085 
2.2 -1 1.3488 
2.2 -0.8 1.5052 
2.2 -0.6 1.63383 
2.2 -0.4 1.72956 
2.2 -0.2 1.78856 
2.2 1.27676e-15 1.8085 
2.2 0.2 1.78856 
2.2 0.4 1.72956 
2.2 0.6 1.63383 
2.2 0.8 1.5052 
2.2 1 1.3488 
2.2 1.2 1.17085 
2.2 1.4 0.978464 
2.2 1.6 0.779297 
2.2 1.8 0.581294 
2.2 2 0.39235 
2.2 2.2 0.219995 
2.2 2.4 0.0711027 
2.2 2.6 -0.0483923 
2.2 2.8 -0.133726 
2.2 3 -0.181496 
2.2 3.2 -0.189798 
2.2 3.4 -0.158302 
2.2 3.6 -0.088262 
2.2 3.8 0.0175287 
2.4 -4 0.0218196 
2.4 -3.8 -0.115505 
2.4 -3.6 -0.221295 
2.4 -3.4 -0.291335 
2.4 -3.2 -0.322832 
2.4 -3 -0.314529 
2.4 -2.8 -0.266759 
2.4 -2.6 -0.181426 
2.4 -2.4 -0.0619305 
2.4 -2.2 0.0869621 
2.4 -2 0.259316 
2.4 -1.8 0.448261 
2.4 -1.6 0.646264 
2.4 -1.4 0.84543 
2.4 -1.2 1.03782 
2.4 -1 1.21577 
2.4 -0.8 1.37217 
2.4 -0.6 1.5008 
2.4 -0.4 1.59652 
2.4 -0.2 1.65553 
2.4 1.27676e-15 1.67546 
2.4 0.2 1.65553 
2.4 0.4 1.59652 
2.4 0.6 1.5008 
2.4 0.8 1.37217 
2.4 1 1.21577 
2.4 1.2 1.03782 
2.4 1.4 0.84543 
2.4 1.6 0.646264 
2.4 1.8 0.448261 
2.4 2 0.259316 
2.4 2.2 0.0869621 
2.4 2.4 -0.0619305 
2.4 2.6 -0.181426 
2.4 2.8 -0.266759 
2.4 3 -0.314529 
2.4 3.2 -0.322832 
2.4 3.4 -0.291335 
2.4 3.6 -0.221295 
2.4 3.8 -0.115505 
2.6 -4 -0.138142 
2.6 -3.8 -0.275466 
2.6 -3.6 -0.381257 
2.6 -3.4 -0.451297 
2.6 -3.2 -0.482793 
2.6 -3 -0.474491 
2.6 -2.8 -0.426721 
2.6 -2.6 -0.341387 
2.6 -2.4 -0.221892 
2.6 -2.2 -0.0729997 
2.6 -2 0.0993545 
2.6 -1.8 0.288299 
2.6 -1.6 0.486302 
2.6 -1.4 0.685469 
2.6 -1.2 0.877859 
2.6 -1 1.0558 
2.6 -0.8 1.21221 
2.6 -0.6 1.34084 
2.6 -0.4 1.43656 
2.6 -0.2 1.49557 
2.6 1.27676e-15 1.5155 
2.6 0.2 1.49557 
2.6 0.4 1.43656 
2.6 0.6 1.34084 
2.6 0.8 1.21221 
2.6 1 1.0558 
2.6 1.2 0.877859 
2.6 1.4 0.685469 
2.6 1.6 0.486302 
2.6 1.8 0.288299 
2.6 2 0.0993545 
2.6 2.2 -0.0729997 
2.6 2.4 -0.221892 
2.6 2.6 -0.341387 
2.6 2.8 -0.426721 
2.6 3 -0.474491 
2.6 3.2 -0.482793 
2.6 3.4 -0.451297 
2.6 3.6 -0.381257 
2.6 3.8 -0.275466 
2.8 -4 -0.318655 
2.8 -3.8 -0.45598 
2.8 -3.6 -0.56177 
2.8 -3.4 -0.63181 
2.8 -3.2 -0.663307 
2.8 -3 -0.655004 
2.8 -2.8 -0.607234 
2.8 -2.6 -0.521901 
2.8 -2.4 -0.402406 
2.8 -2.2 -0.253513 
2.8 -2 -0.0811587 
2.8 -1.8 0.107786 
2.8 -1.6 0.305789 
2.8 -1.4 0.504955 
2.8 -1.2 0.697346 
2.8 -1 0.87529 
2.8 -0.8 1.03169 
2.8 -0.6 1.16032 
2.8 -0.4 1.25605 
2.8 -0.2 1.31505 
2.8 1.27676e-15 1.33499 
2.8 0.2 1.31505 
2.8 0.4 1.25605 
2.8 0.6 1.16032 
2.8 0.8 1.03169 
2.8 1 0.87529 
2.8 1.2 0.697346 
2.8 1.4 0.504955 
2.8 1.6 0.305789 
2.8 1.8 0.107786 
2.8 2 -0.0811587 
2.8 2.2 -0.253513 
2.8 2.4 -0.402406 
2.8 2.6 -0.521901 
2.8 2.8 -0.607234 
2.8 3 -0.655004 
2.8 3.2 -0.663307 
2.8 3.4 -0.63181 
2.8 3.6 -0.56177 
2.8 3.8 -0.45598 
3 -4 -0.512524 
3 -3.8 -0.649848 
3 -3.6 -0.755638 
3 -3.4 -0.825678 
3 -3.2 -0.857175 
3 -3 -0.848872 
3 -2.8 -0.801102 
3 -2.6 -0.715769 
3 -2.4 -0.596274 
3 -2.2 -0.447381 
3 -2 -0.275027 
3 -1.8 -0.0860821 
3 -1.6 0.11192 
3 -1.4 0.311087 
3 -1.2 0.503478 
3 -1 0.681422 
3 -0.8 0.837827 
3 -0.6 0.966456 
3 -0.4 1.06218 
3 -0.2 1.12119 
3 1.27676e-15 1.14112 
3 0.2 1.12119 
3 0.4 1.06218 
3 0.6 0.966456 
3 0.8 0.837827 
3 1 0.681422 
3 1.2 0.503478 
3 1.4 0.311087 
3 1.6 0.11192 
3 1.8 -0.0860821 
3 2 -0.275027 
3 2.2 -0.447381 
3 2.4 -0.596274 
3 2.6 -0.715769 
3 2.8 -0.801102 
3 3 -0.848872 
3 3.2 -0.857175 
3 3.4 -0.825678 
3 3.6 -0.755638 
3 3.8 -0.649848 
3.2 -4 -0.712018 
3.2 -3.8 -0.849342 
3.2 -3.6 -0.955133 
3.2 -3.4 -1.02517 
3.2 -3.2 -1.05667 
3.2 -3 -1.04837 
3.2 -2.8 -1.0006 
3.2 -2.6 -0.915263 
3.2 -2.4 -0.795768 
3.2 -2.2 -0.646875 
3.2 -2 -0.474521 
3.2 -1.8 -0.285576 
3.2 -1.6 -0.0875737 
3.2 -1.4 0.111593 
3.2 -1.2 0.303984 
3.2 -1 0.481928 
3.2 -0.8 0.638333 
3.2 -0.6 0.766961 
3.2 -0.4 0.862687 
3.2 -0.2 0.921692 
3.2 1.27676e-15 0.941626 
3.2 0.2 0.921692 
3.2 0.4 0.862687 
3.2 0.6 0.766961 
3.2 0.8 0.638333 
3.2 1 0.481928 
3.2 1.2 0.303984 
3.2 1.4 0.111593 
3.2 1.6 -0.0875737 
3.2 1.8 -0.285576 
3.2 2 -0.474521 
3.2 2.2 -0.646875 
3.2 2.4 -0.795768 
3.2 2.6 -0.915263 
3.2 2.8 -1.0006 
3.2 3 -1.04837 
3.2 3.2 -1.05667 
3.2 3.4 -1.02517 
3.2 3.6 -0.955133 
3.2 3.8 -0.849342 
3.4 -4 -0.909185 
3.4 -3.8 -1.04651 
3.4 -3.6 -1.1523 
3.4 -3.4 -1.22234 
3.4 -3.2 -1.25384 
3.4 -3 -1.24553 
3.4 -2.8 -1.19776 
3.4 -2.6 -1.11243 
3.4 -2.4 -0.992935 
3.4 -2.2 -0.844042 
3.4 -2 -0.671688 
3.4 -1.8 -0.482743 
3.4 -1.6 -0.284741 
3.4 -1.4 -0.085574 
3.4 -1.2 0.106817 
3.4 -1 0.284761 
3.4 -0.8 0.441166 
3.4 -0.6 0.569795 
3.4 -0.4 0.66552 
3.4 -0.2 0.724525 
3.4 1.27676e-15 0.744459 
3.4 0.2 0.724525 
3.4 0.4 0.66552 
3.4 0.6 0.569795 
3.4 0.8 0.441166 
3.4 1 0.284761 
3.4 1.2 0.106817 
3.4 1.4 -0.085574 
3.4 1.6 -0.284741 
3.4 1.8 -0.482743 
3.4 2 -0.671688 
3.4 2.2 -0.844042 
3.4 2.4 -0.992935 
3.4 2.6 -1.11243 
3.4 2.8 -1.19776 
3.4 3 -1.24553 
3.4 3.2 -1.25384 
3.4 3.4 -1.22234 
3.4 3.6 -1.1523 
3.4 3.8 -1.04651 
3.6 -4 -1.09616 
3.6 -3.8 -1.23349 
3.6 -3.6 -1.33928 
3.6 -3.4 -1.40932 
3.6 -3.2 -1.44082 
3.6 -3 -1.43251 
3.6 -2.8 -1.38474 
3.6 -2.6 -1.29941 
3.6 -2.4 -1.17991 
3.6 -2.2 -1.03102 
3.6 -2 -0.858667 
3.6 -1.8 -0.669723 
3.6 -1.6 -0.47172 
3.6 -1.4 -0.272553 
3.6 -1.2 -0.0801627 
3.6 -1 0.0977819 
3.6 -0.8 0.254186 
3.6 -0.6 0.382815 
3.6 -0.4 0.478541 
3.6 -0.2 0.537546 
3.6 1.27676e-15 0.55748 
3.6 0.2 0.537546 
3.6 0.4 0.478541 
3.6 0.6 0.382815 
3.6 0.8 0.254186 
3.6 1 0.0977819 
3.6 1.2 -0.0801627 
3.6 1.4 -0.272553 
3.6 1.6 -0.47172 
3.6 1.8 -0.669723 
3.6 2 -0.858667 
3.6 2.2 -1.03102 
3.6 2.4 -1.17991 
3.6 2.6 -1.29941 
3.6 2.8 -1.38474 
3.6 3 -1.43251 
3.6 3.2 -1.44082 
3.6 3.4 -1.40932 
3.6 3.6 -1.33928 
3.6 3.8 -1.23349 
3.8 -4 -1.2655 
3.8 -3.8 -1.40283 
3.8 -3.6 -1.50862 
3.8 -3.4 -1.57866 
3.8 -3.2 -1.61015 
3.8 -3 -1.60185 
3.8 -2.8 -1.55408 
3.8 -2.6 -1.46875 
3.8 -2.4 -1.34925 
3.8 -2.2 -1.20036 
3.8 -2 -1.028 
3.8 -1.8 -0.83906 
3.8 -1.6 -0.641057 
3.8 -1.4 -0.441891 
3.8 -1.2 -0.2495 
3.8 -1 -0.0715556 
3.8 -0.8 0.0848488 
3.8 -0.6 0.213478 
3.8 -0.4 0.309203 
3.8 -0.2 0.368209 
3.8 1.27676e-15 0.388142 
3.8 0.2 0.368209 
3.8 0.4 0.309203 
3.8 0.6 0.213478 
3.8 0.8 0.0848488 
3.8 1 -0.0715556 
3.8 1.2 -0.2495 
3.8 1.4 -0.441891 
3.8 1.6 -0.641057 
3.8 1.8 -0.83906 
3.8 2 -1.028 
3.8 2.2 -1.20036 
3.8 2.4 -1.34925 
3.8 2.6 -1.46875 
3.8 2.8 -1.55408 
3.8 3 -1.60185 
3.8 3.2 -1.61015 
3.8 3.4 -1.57866 
3.8 3.6 -1.50862 
3.8 3.8 -1.40283 
